# Caffau et al 2011 (from Cassisi), with X= 0.700000 and Z= 0.020000
#
# log T: 1st column
# log R: 1st row  
# 
0.000  -8.000 -7.500 -7.000 -6.500 -6.000 -5.500 -5.000 -4.500 -4.000 -3.500 -3.000 -2.500 -2.000 -1.500 -1.000 -0.500  0.000  0.500  1.000
4.500  -0.422 -0.412 -0.394 -0.359 -0.294 -0.196 -0.052  0.168  0.487  0.901  1.381  1.895  2.427  2.968  3.510  4.034  4.505  4.884  5.152
4.450  -0.432 -0.422 -0.407 -0.378 -0.325 -0.238 -0.097  0.123  0.448  0.858  1.335  1.841  2.366  2.899  3.428  3.934  4.395  4.785  5.066
4.400  -0.446 -0.443 -0.429 -0.397 -0.343 -0.259 -0.121  0.105  0.450  0.839  1.304  1.802  2.317  2.836  3.348  3.835  4.266  4.618  4.874
4.350  -0.466 -0.455 -0.435 -0.403 -0.355 -0.272 -0.126  0.114  0.470  0.863  1.289  1.779  2.282  2.785  3.282  3.744  4.132  4.429  4.687
4.300  -0.469 -0.456 -0.437 -0.408 -0.360 -0.271 -0.112  0.135  0.499  0.917  1.292  1.771  2.262  2.758  3.236  3.649  3.974  4.225  4.431
4.250  -0.470 -0.458 -0.438 -0.409 -0.357 -0.263 -0.103  0.152  0.524  0.967  1.308  1.781  2.272  2.755  3.185  3.527  3.784  3.986  4.165
4.200  -0.469 -0.455 -0.436 -0.409 -0.362 -0.271 -0.102  0.166  0.528  0.948  1.362  1.830  2.309  2.743  3.094  3.354  3.549  3.713  3.871
4.150  -0.467 -0.456 -0.445 -0.424 -0.379 -0.281 -0.102  0.172  0.540  0.977  1.437  1.895  2.323  2.671  2.928  3.115  3.266  3.405  3.553
4.100  -0.476 -0.471 -0.462 -0.442 -0.396 -0.294 -0.102  0.202  0.602  1.052  1.505  1.913  2.248  2.490  2.663  2.800  2.926  3.059  3.208
4.050  -0.489 -0.487 -0.483 -0.467 -0.415 -0.293 -0.071  0.259  0.667  1.097  1.487  1.795  2.014  2.169  2.290  2.403  2.523  2.664  2.830
4.000  -0.513 -0.516 -0.506 -0.476 -0.407 -0.268 -0.036  0.288  0.660  1.006  1.273  1.460  1.595  1.705  1.810  1.925  2.061  2.224  2.415
3.950  -0.532 -0.523 -0.504 -0.466 -0.390 -0.254 -0.048  0.209  0.459  0.655  0.798  0.911  1.014  1.121  1.243  1.384  1.552  1.748  1.975
3.900  -0.529 -0.517 -0.497 -0.461 -0.401 -0.314 -0.211 -0.116 -0.033  0.045  0.127  0.222  0.337  0.474  0.632  0.812  1.018  1.250  1.511
3.850  -0.525 -0.518 -0.513 -0.516 -0.537 -0.584 -0.646 -0.699 -0.722 -0.699 -0.627 -0.511 -0.360 -0.184  0.013  0.231  0.472  0.740  1.036
3.800  -0.551 -0.586 -0.662 -0.782 -0.934 -1.099 -1.259 -1.389 -1.464 -1.461 -1.377 -1.231 -1.045 -0.834 -0.603 -0.349 -0.067  0.250  0.602
3.750  -0.756 -0.914 -1.104 -1.311 -1.522 -1.731 -1.924 -2.085 -2.183 -2.187 -2.092 -1.925 -1.712 -1.467 -1.189 -0.871 -0.506 -0.104  0.307
3.700  -1.303 -1.526 -1.752 -1.977 -2.197 -2.409 -2.604 -2.769 -2.872 -2.877 -2.772 -2.575 -2.308 -1.976 -1.587 -1.163 -0.739 -0.335  0.042
3.650  -2.046 -2.274 -2.497 -2.713 -2.920 -3.115 -3.290 -3.430 -3.504 -3.470 -3.299 -2.994 -2.601 -2.176 -1.757 -1.364 -0.998 -0.657 -0.336
3.600  -2.873 -3.079 -3.273 -3.453 -3.614 -3.748 -3.842 -3.877 -3.832 -3.685 -3.427 -3.091 -2.729 -2.375 -2.041 -1.725 -1.419 -1.115 -0.808
3.550  -3.643 -3.784 -3.899 -3.978 -4.018 -4.022 -3.997 -3.944 -3.852 -3.716 -3.535 -3.318 -3.073 -2.811 -2.535 -2.239 -1.910 -1.540 -1.156
3.500  -4.082 -4.100 -4.099 -4.085 -4.062 -4.037 -4.019 -4.013 -4.007 -3.982 -3.919 -3.805 -3.622 -3.356 -2.994 -2.530 -2.008 -1.543 -1.221
3.490  -4.110 -4.114 -4.104 -4.085 -4.063 -4.047 -4.046 -4.059 -4.073 -4.066 -4.019 -3.914 -3.726 -3.431 -3.016 -2.495 -1.953 -1.517 -1.239
3.480  -4.126 -4.120 -4.105 -4.086 -4.070 -4.068 -4.085 -4.117 -4.147 -4.155 -4.120 -4.017 -3.814 -3.475 -2.996 -2.426 -1.890 -1.502 -1.264
3.470  -4.134 -4.122 -4.105 -4.090 -4.085 -4.100 -4.136 -4.183 -4.229 -4.248 -4.218 -4.109 -3.876 -3.477 -2.932 -2.334 -1.829 -1.495 -1.298
3.460  -4.137 -4.123 -4.108 -4.101 -4.112 -4.145 -4.197 -4.259 -4.315 -4.342 -4.310 -4.184 -3.902 -3.432 -2.830 -2.235 -1.778 -1.497 -1.337
3.450  -4.138 -4.124 -4.116 -4.123 -4.151 -4.201 -4.266 -4.341 -4.404 -4.431 -4.389 -4.231 -3.883 -3.339 -2.703 -2.137 -1.743 -1.510 -1.380
3.440  -4.139 -4.130 -4.133 -4.156 -4.202 -4.265 -4.344 -4.426 -4.492 -4.512 -4.450 -4.241 -3.814 -3.207 -2.567 -2.050 -1.717 -1.531 -1.427
3.430  -4.143 -4.144 -4.162 -4.202 -4.262 -4.338 -4.427 -4.513 -4.574 -4.579 -4.484 -4.207 -3.698 -3.048 -2.434 -1.979 -1.702 -1.557 -1.477
3.420  -4.154 -4.168 -4.203 -4.257 -4.331 -4.419 -4.513 -4.597 -4.646 -4.627 -4.483 -4.124 -3.540 -2.878 -2.311 -1.922 -1.701 -1.588 -1.526
3.410  -4.174 -4.204 -4.254 -4.323 -4.408 -4.504 -4.599 -4.673 -4.702 -4.649 -4.441 -3.993 -3.356 -2.711 -2.201 -1.877 -1.708 -1.624 -1.576
3.400  -4.206 -4.252 -4.315 -4.397 -4.491 -4.591 -4.680 -4.738 -4.740 -4.642 -4.354 -3.821 -3.157 -2.554 -2.109 -1.846 -1.722 -1.661 -1.624
3.390  -4.250 -4.310 -4.386 -4.478 -4.579 -4.677 -4.752 -4.787 -4.755 -4.599 -4.221 -3.619 -2.961 -2.407 -2.032 -1.834 -1.743 -1.698 -1.670
3.380  -4.304 -4.377 -4.466 -4.566 -4.668 -4.755 -4.811 -4.816 -4.744 -4.515 -4.046 -3.401 -2.773 -2.277 -1.974 -1.832 -1.769 -1.736 -1.714
3.370  -4.369 -4.454 -4.552 -4.656 -4.752 -4.822 -4.852 -4.825 -4.703 -4.389 -3.838 -3.181 -2.594 -2.170 -1.939 -1.840 -1.797 -1.773 -1.755
3.360  -4.443 -4.539 -4.644 -4.745 -4.826 -4.873 -4.874 -4.813 -4.628 -4.221 -3.610 -2.966 -2.429 -2.086 -1.924 -1.856 -1.826 -1.808 -1.794
3.350  -4.527 -4.632 -4.736 -4.826 -4.886 -4.906 -4.878 -4.777 -4.513 -4.018 -3.371 -2.759 -2.291 -2.029 -1.922 -1.878 -1.856 -1.843 -1.831
3.340  -4.620 -4.726 -4.823 -4.894 -4.928 -4.921 -4.866 -4.710 -4.359 -3.784 -3.134 -2.564 -2.184 -2.002 -1.931 -1.902 -1.887 -1.877 -1.867
3.330  -4.717 -4.818 -4.898 -4.945 -4.952 -4.922 -4.833 -4.609 -4.163 -3.532 -2.901 -2.396 -2.109 -1.993 -1.948 -1.929 -1.918 -1.910 -1.901
3.320  -4.813 -4.900 -4.956 -4.976 -4.962 -4.909 -4.776 -4.468 -3.928 -3.274 -2.679 -2.268 -2.071 -1.998 -1.970 -1.957 -1.949 -1.942 -1.935
3.310  -4.900 -4.965 -4.996 -4.992 -4.960 -4.882 -4.688 -4.281 -3.664 -3.016 -2.482 -2.180 -2.058 -2.013 -1.996 -1.987 -1.980 -1.974 -1.968
3.300  -4.973 -5.011 -5.017 -4.997 -4.949 -4.833 -4.558 -4.043 -3.384 -2.768 -2.337 -2.132 -2.061 -2.035 -2.023 -2.017 -2.012 -2.007 -2.001
3.290  -5.025 -5.038 -5.026 -4.995 -4.926 -4.755 -4.374 -3.764 -3.101 -2.550 -2.240 -2.118 -2.076 -2.060 -2.053 -2.048 -2.044 -2.039 -2.034
3.280  -5.056 -5.051 -5.029 -4.987 -4.886 -4.631 -4.126 -3.462 -2.831 -2.390 -2.189 -2.122 -2.098 -2.088 -2.084 -2.080 -2.076 -2.072 -2.068
3.270  -5.073 -5.057 -5.029 -4.971 -4.814 -4.441 -3.829 -3.153 -2.597 -2.291 -2.176 -2.138 -2.125 -2.119 -2.115 -2.112 -2.109 -2.106 -2.101
3.260  -5.081 -5.061 -5.027 -4.938 -4.687 -4.177 -3.503 -2.863 -2.429 -2.243 -2.182 -2.162 -2.154 -2.151 -2.148 -2.146 -2.143 -2.140 -2.136
3.250  -5.087 -5.067 -5.019 -4.865 -4.481 -3.856 -3.169 -2.621 -2.335 -2.234 -2.202 -2.191 -2.187 -2.184 -2.182 -2.180 -2.178 -2.175 -2.171
3.240  -5.096 -5.074 -4.987 -4.721 -4.191 -3.504 -2.865 -2.455 -2.296 -2.246 -2.229 -2.223 -2.221 -2.219 -2.218 -2.216 -2.213 -2.210 -2.207
3.230  -5.112 -5.070 -4.900 -4.487 -3.842 -3.148 -2.626 -2.376 -2.294 -2.270 -2.261 -2.258 -2.256 -2.255 -2.254 -2.252 -2.250 -2.247 -2.244
3.220  -5.126 -5.027 -4.728 -4.164 -3.463 -2.840 -2.477 -2.351 -2.313 -2.301 -2.296 -2.295 -2.294 -2.293 -2.292 -2.290 -2.288 -2.286 -2.282
3.210  -5.116 -4.912 -4.454 -3.782 -3.093 -2.621 -2.421 -2.360 -2.343 -2.337 -2.334 -2.333 -2.333 -2.332 -2.331 -2.330 -2.328 -2.325 -2.322
3.200  -5.048 -4.696 -4.090 -3.379 -2.797 -2.505 -2.414 -2.387 -2.379 -2.376 -2.375 -2.374 -2.374 -2.373 -2.372 -2.371 -2.369 -2.367 -2.363
3.190  -4.889 -4.374 -3.674 -3.012 -2.618 -2.475 -2.435 -2.423 -2.419 -2.418 -2.417 -2.417 -2.416 -2.416 -2.415 -2.414 -2.412 -2.410 -2.407
3.180  -4.619 -3.966 -3.260 -2.753 -2.545 -2.487 -2.470 -2.465 -2.463 -2.462 -2.462 -2.462 -2.461 -2.461 -2.460 -2.459 -2.457 -2.455 -2.452
3.170  -4.240 -3.521 -2.923 -2.632 -2.543 -2.519 -2.513 -2.510 -2.510 -2.509 -2.509 -2.509 -2.509 -2.509 -2.508 -2.506 -2.505 -2.503 -2.499
3.160  -3.788 -3.122 -2.732 -2.605 -2.572 -2.563 -2.561 -2.560 -2.560 -2.560 -2.560 -2.560 -2.560 -2.559 -2.558 -2.557 -2.555 -2.553 -2.549
3.150  -3.336 -2.857 -2.676 -2.628 -2.616 -2.613 -2.612 -2.612 -2.613 -2.613 -2.614 -2.614 -2.614 -2.613 -2.612 -2.611 -2.609 -2.606 -2.602
3.140  -3.002 -2.753 -2.688 -2.672 -2.668 -2.668 -2.668 -2.669 -2.669 -2.670 -2.671 -2.672 -2.672 -2.671 -2.670 -2.669 -2.667 -2.663 -2.657
3.130  -2.843 -2.752 -2.730 -2.726 -2.725 -2.726 -2.727 -2.728 -2.730 -2.732 -2.734 -2.735 -2.735 -2.734 -2.733 -2.732 -2.729 -2.724 -2.716
3.120  -2.821 -2.792 -2.786 -2.786 -2.787 -2.788 -2.790 -2.792 -2.796 -2.799 -2.801 -2.803 -2.804 -2.804 -2.803 -2.801 -2.797 -2.789 -2.777
3.110  -2.858 -2.850 -2.850 -2.851 -2.852 -2.854 -2.857 -2.861 -2.866 -2.871 -2.875 -2.879 -2.881 -2.882 -2.881 -2.878 -2.870 -2.858 -2.842
3.100  -2.918 -2.917 -2.918 -2.920 -2.922 -2.925 -2.930 -2.936 -2.943 -2.950 -2.957 -2.963 -2.967 -2.970 -2.969 -2.963 -2.949 -2.930 -2.910
3.090  -2.988 -2.989 -2.991 -2.993 -2.997 -3.002 -3.009 -3.017 -3.027 -3.037 -3.047 -3.057 -3.065 -3.070 -3.068 -3.055 -3.032 -3.005 -2.980
3.080  -3.065 -3.066 -3.069 -3.072 -3.078 -3.085 -3.094 -3.106 -3.119 -3.133 -3.148 -3.163 -3.177 -3.184 -3.178 -3.154 -3.118 -3.083 -3.054
3.070  -3.146 -3.148 -3.152 -3.157 -3.165 -3.175 -3.188 -3.203 -3.220 -3.240 -3.261 -3.283 -3.302 -3.311 -3.297 -3.256 -3.207 -3.165 -3.130
3.060  -3.232 -3.235 -3.241 -3.249 -3.260 -3.274 -3.291 -3.310 -3.333 -3.359 -3.388 -3.417 -3.442 -3.450 -3.421 -3.360 -3.298 -3.250 -3.210
3.050  -3.324 -3.329 -3.338 -3.350 -3.364 -3.382 -3.404 -3.430 -3.459 -3.493 -3.529 -3.566 -3.596 -3.596 -3.546 -3.466 -3.393 -3.338 -3.292
3.040  -3.423 -3.432 -3.444 -3.459 -3.478 -3.502 -3.530 -3.563 -3.600 -3.642 -3.687 -3.731 -3.762 -3.747 -3.671 -3.573 -3.491 -3.430 -3.376
3.030  -3.530 -3.543 -3.559 -3.579 -3.604 -3.634 -3.670 -3.711 -3.757 -3.808 -3.861 -3.911 -3.937 -3.899 -3.796 -3.683 -3.592 -3.526 -3.462
3.020  -3.647 -3.663 -3.684 -3.711 -3.742 -3.780 -3.825 -3.875 -3.930 -3.990 -4.052 -4.104 -4.117 -4.049 -3.921 -3.795 -3.697 -3.624 -3.547
3.010  -3.774 -3.795 -3.822 -3.855 -3.895 -3.942 -3.995 -4.055 -4.120 -4.189 -4.257 -4.307 -4.298 -4.196 -4.046 -3.909 -3.805 -3.724 -3.629
3.000  -3.912 -3.939 -3.973 -4.014 -4.063 -4.119 -4.183 -4.253 -4.327 -4.404 -4.475 -4.516 -4.475 -4.339 -4.171 -4.026 -3.916 -3.825 -3.708
2.990  -4.063 -4.098 -4.140 -4.190 -4.249 -4.315 -4.389 -4.468 -4.551 -4.634 -4.704 -4.727 -4.648 -4.480 -4.298 -4.147 -4.031 -3.928 -3.781
2.980  -4.227 -4.270 -4.321 -4.381 -4.450 -4.526 -4.609 -4.697 -4.787 -4.874 -4.939 -4.933 -4.811 -4.618 -4.426 -4.269 -4.147 -4.027 -3.846
2.970  -4.406 -4.457 -4.518 -4.588 -4.667 -4.753 -4.845 -4.940 -5.036 -5.123 -5.174 -5.130 -4.966 -4.753 -4.555 -4.394 -4.263 -4.121 -3.906
2.960  -4.599 -4.660 -4.731 -4.811 -4.899 -4.994 -5.093 -5.195 -5.294 -5.378 -5.405 -5.314 -5.115 -4.888 -4.684 -4.520 -4.378 -4.209 -3.961
2.950  -4.807 -4.879 -4.959 -5.049 -5.145 -5.247 -5.353 -5.459 -5.560 -5.634 -5.625 -5.485 -5.258 -5.022 -4.815 -4.646 -4.490 -4.291 -4.014
2.940  -5.031 -5.112 -5.202 -5.300 -5.404 -5.513 -5.623 -5.733 -5.832 -5.886 -5.831 -5.645 -5.398 -5.156 -4.947 -4.772 -4.598 -4.368 -4.066
2.930  -5.270 -5.360 -5.459 -5.564 -5.674 -5.788 -5.903 -6.014 -6.105 -6.129 -6.020 -5.796 -5.535 -5.290 -5.080 -4.897 -4.700 -4.442 -4.115
2.920  -5.523 -5.622 -5.728 -5.839 -5.955 -6.073 -6.191 -6.300 -6.376 -6.356 -6.194 -5.940 -5.671 -5.424 -5.212 -5.019 -4.797 -4.514 -4.163
2.910  -5.789 -5.895 -6.008 -6.125 -6.245 -6.366 -6.485 -6.589 -6.639 -6.565 -6.354 -6.080 -5.805 -5.558 -5.344 -5.137 -4.890 -4.584 -4.207
2.900  -6.067 -6.181 -6.299 -6.420 -6.543 -6.666 -6.783 -6.875 -6.886 -6.753 -6.503 -6.216 -5.939 -5.694 -5.475 -5.250 -4.981 -4.651 -4.245
2.850  -7.588 -7.713 -7.836 -7.955 -8.068 -8.158 -8.178 -8.054 -7.798 -7.488 -7.175 -6.882 -6.617 -6.362 -6.086 -5.754 -5.339 -4.835 -4.273
2.800  -9.007 -9.091 -9.163 -9.215 -9.223 -9.148 -8.966 -8.707 -8.404 -8.094 -7.799 -7.517 -7.227 -6.880 -6.439 -5.905 -5.318 -4.748 -4.277
2.750  -9.775 -9.778 -9.776 -9.762 -9.718 -9.612 -9.423 -9.161 -8.849 -8.516 -8.181 -7.840 -7.428 -6.907 -6.304 -5.702 -5.213 -4.859 -4.604
2.700 -10.111 -10.110 -10.104 -10.082 -10.022 -9.891 -9.666 -9.348 -8.966 -8.567 -8.527 -7.885 -7.576 -7.213 -6.809 -5.775 -5.545 -5.493 -5.093