# Ld1 = 5e15 cm
# Ld2 = 5e14 cm
# r [cm]    200MeV_Ld2  100MeV_Ld2  50MeV_Ld2   10MeV_Ld2   200MeV_Ld1  100MeV_Ld1  50MeV_Ld1   10MeV_Ld1
6.00000e+13 9.45163e-01 9.71302e-01 9.86655e-01 9.79140e-01 9.47555e-01 9.72802e-01 9.87519e-01 9.79283e-01
6.63006e+13 9.44982e-01 9.70481e-01 9.87463e-01 9.92583e-01 9.47814e-01 9.72258e-01 9.88486e-01 9.92719e-01
7.32628e+13 9.27750e-01 9.61097e-01 9.77544e-01 9.74886e-01 9.31063e-01 9.63218e-01 9.78748e-01 9.75030e-01
8.09561e+13 9.27866e-01 9.58411e-01 9.76803e-01 9.83914e-01 9.31946e-01 9.61007e-01 9.78285e-01 9.84094e-01
8.94573e+13 9.21536e-01 9.56710e-01 9.73244e-01 9.87765e-01 9.26438e-01 9.59867e-01 9.75027e-01 9.87979e-01
9.88512e+13 9.22536e-01 9.56688e-01 9.72089e-01 1.00699e+00 9.28815e-01 9.60544e-01 9.74255e-01 1.00759e+00
1.09231e+14 9.09560e-01 9.45540e-01 9.64516e-01 9.86028e-01 9.17095e-01 9.50192e-01 9.67147e-01 9.86728e-01
1.20702e+14 8.96871e-01 9.35104e-01 9.64678e-01 9.83755e-01 9.06017e-01 9.40793e-01 9.68004e-01 9.84611e-01
1.33377e+14 8.75176e-01 9.25217e-01 9.51629e-01 9.81922e-01 8.86197e-01 9.32306e-01 9.55743e-01 9.83029e-01
1.47383e+14 7.78601e-01 8.40663e-01 9.06840e-01 9.65773e-01 7.91286e-01 8.49239e-01 9.12386e-01 9.67360e-01
1.62859e+14 9.15322e-01 7.92020e-01 8.68045e-01 9.64130e-01 9.35653e-01 8.03698e-01 8.75864e-01 9.66597e-01
1.79961e+14 1.22652e+00 9.08204e-01 7.52955e-01 9.25550e-01 1.26465e+00 9.27825e-01 7.63572e-01 9.29589e-01
1.98859e+14 1.56921e+00 1.24911e+00 9.18012e-01 8.03455e-01 1.63656e+00 1.28935e+00 9.38705e-01 8.09598e-01
2.19741e+14 1.80478e+00 1.49715e+00 1.16914e+00 7.08863e-01 1.91262e+00 1.56953e+00 1.21202e+00 7.20407e-01
2.42816e+14 1.93442e+00 1.64776e+00 1.36079e+00 7.57993e-01 2.08951e+00 1.75826e+00 1.43467e+00 7.79650e-01
2.68314e+14 2.07151e+00 1.84956e+00 1.61324e+00 9.63862e-01 2.28792e+00 2.01951e+00 1.74100e+00 1.00743e+00
2.96489e+14 1.73332e+00 1.56917e+00 1.40859e+00 9.47746e-01 1.96306e+00 1.75540e+00 1.55695e+00 1.01254e+00
3.27623e+14 1.55958e+00 1.47450e+00 1.33125e+00 9.57992e-01 1.81556e+00 1.69765e+00 1.51117e+00 1.04849e+00
3.62027e+14 1.40809e+00 1.35446e+00 1.25136e+00 9.73404e-01 1.69309e+00 1.61088e+00 1.46822e+00 1.10283e+00
4.00043e+14 1.23629e+00 1.21750e+00 1.13733e+00 8.94179e-01 1.53842e+00 1.50154e+00 1.38340e+00 1.04292e+00
4.42052e+14 1.28275e+00 1.24765e+00 1.17295e+00 9.66049e-01 1.66567e+00 1.60272e+00 1.48373e+00 1.17111e+00
4.88472e+14 1.34163e+00 1.31153e+00 1.25069e+00 1.05606e+00 1.82226e+00 1.76333e+00 1.65659e+00 1.34000e+00
5.39766e+14 1.41911e+00 1.38663e+00 1.32546e+00 1.14489e+00 2.03287e+00 1.96133e+00 1.84549e+00 1.52556e+00
5.96446e+14 1.48530e+00 1.45991e+00 1.40701e+00 1.24286e+00 2.25347e+00 2.18812e+00 2.07682e+00 1.75688e+00
6.59079e+14 1.55082e+00 1.53189e+00 1.47861e+00 1.31552e+00 2.51218e+00 2.45301e+00 2.32788e+00 1.97500e+00
7.28289e+14 1.60666e+00 1.59856e+00 1.55248e+00 1.39549e+00 2.79397e+00 2.75523e+00 2.63251e+00 2.25104e+00
8.04766e+14 1.67303e+00 1.65997e+00 1.61916e+00 1.45659e+00 3.16927e+00 3.10512e+00 2.98167e+00 2.53389e+00
8.89275e+14 1.72327e+00 1.71543e+00 1.67566e+00 1.53892e+00 3.57802e+00 3.52145e+00 3.38095e+00 2.94895e+00
9.82657e+14 1.78557e+00 1.77524e+00 1.73552e+00 1.60227e+00 4.13890e+00 4.05492e+00 3.88908e+00 3.40045e+00
1.08585e+15 1.83825e+00 1.83474e+00 1.79542e+00 1.66900e+00 4.80656e+00 4.73367e+00 4.53611e+00 3.98837e+00
1.19987e+15 1.89209e+00 1.88857e+00 1.85621e+00 1.71794e+00 5.67434e+00 5.57976e+00 5.38114e+00 4.64909e+00
1.32587e+15 1.93588e+00 1.94495e+00 1.91224e+00 1.78982e+00 6.73382e+00 6.70924e+00 6.45772e+00 5.66744e+00
1.46510e+15 1.99414e+00 2.00405e+00 1.97147e+00 1.84503e+00 8.28902e+00 8.25056e+00 7.92881e+00 6.89883e+00
1.61895e+15 2.05520e+00 2.06002e+00 2.03482e+00 1.92603e+00 1.04701e+01 1.03225e+01 9.99927e+00 8.88304e+00
1.78895e+15 2.11878e+00 2.12773e+00 2.10169e+00 1.98869e+00 1.36023e+01 1.34335e+01 1.29854e+01 1.14389e+01
1.97681e+15 2.17478e+00 2.19150e+00 2.16519e+00 2.05743e+00 1.79600e+01 1.78678e+01 1.72270e+01 1.52625e+01
2.18439e+15 2.24956e+00 2.25724e+00 2.23960e+00 2.13273e+00 2.50988e+01 2.46082e+01 2.39993e+01 2.11892e+01
2.41378e+15 2.31668e+00 2.33039e+00 2.31316e+00 2.21760e+00 3.57804e+01 3.53767e+01 3.44734e+01 3.08567e+01
2.66725e+15 2.40545e+00 2.41328e+00 2.39552e+00 2.28090e+00 5.47167e+01 5.33758e+01 5.19222e+01 4.48848e+01
2.94733e+15 2.48818e+00 2.50359e+00 2.48467e+00 2.37940e+00 8.62031e+01 8.48512e+01 8.23123e+01 7.22186e+01
3.25683e+15 2.56761e+00 2.59593e+00 2.57764e+00 2.48099e+00 1.42357e+02 1.42672e+02 1.38272e+02 1.23495e+02
3.59883e+15 2.68537e+00 2.70881e+00 2.69095e+00 2.57085e+00 2.61110e+02 2.56957e+02 2.48884e+02 2.13725e+02
3.97674e+15 2.80129e+00 2.82541e+00 2.81712e+00 2.70782e+00 4.98450e+02 4.86522e+02 4.80771e+02 4.23692e+02
4.39434e+15 2.89603e+00 2.92986e+00 2.90862e+00 2.79521e+00 1.01086e+03 1.01023e+03 9.71032e+02 8.42319e+02
4.85579e+15 3.05061e+00 3.09935e+00 3.07906e+00 2.98186e+00 2.26021e+03 2.31934e+03 2.23489e+03 2.00946e+03
5.36569e+15 3.61438e+00 3.64952e+00 3.61828e+00 3.50285e+00 6.53333e+03 6.38236e+03 6.07127e+03 5.40432e+03
5.92914e+15 4.48673e+00 4.52879e+00 4.51870e+00 4.37018e+00 2.10949e+04 2.02232e+04 2.00420e+04 1.70730e+04
6.55176e+15 6.02902e+00 6.15844e+00 6.09634e+00 5.78601e+00 8.08955e+04 8.30191e+04 7.75804e+04 6.93435e+04
7.23976e+15 8.07482e+00 8.07051e+00 8.07317e+00 8.00013e+00 3.58776e+05 3.47491e+05 3.47938e+05 3.10426e+05
8.00000e+15 1.30593e+01 1.32934e+01 1.31909e+01 1.27247e+01 2.13271e+06 2.20974e+06 2.08274e+06 1.79322e+06
