1.03415e+0 1.37770e-11
1.06645e+0 1.01001e-11
1.10250e+0 7.77277e-12
1.13082e+0 5.94700e-12
1.14341e+0 4.60731e-12
1.15673e+0 3.44440e-12
1.19852e+0 2.74449e-12
1.24785e+0 2.23548e-12
1.31182e+0 1.95674e-12
1.37986e+0 1.85583e-12
1.45143e+0 1.74981e-12
1.52671e+0 1.66937e-12
1.60592e+0 1.60832e-12
1.68923e+0 1.54495e-12
1.77685e+0 1.48117e-12
1.86905e+0 1.44247e-12
1.96603e+0 1.40893e-12
2.06803e+0 1.36541e-12
2.17532e+0 1.31806e-12
2.28821e+0 1.29754e-12
2.40690e+0 1.23911e-12
2.53181e+0 1.21982e-12
2.66319e+0 1.19966e-12
2.80136e+0 1.15805e-12
2.94667e+0 1.10590e-12
3.09948e+0 1.03864e-12
3.26025e+0 9.88948e-13
3.42928e+0 9.08980e-13
3.60706e+0 8.36298e-13
3.79417e+0 8.00203e-13
3.99089e+0 7.39112e-13
4.19794e+0 7.14179e-13
4.41552e+0 6.45579e-13
4.64446e+0 5.97463e-13
4.88527e+0 5.53475e-13
5.13851e+0 5.03757e-13
5.40489e+0 4.61210e-13
5.68513e+0 4.26835e-13
5.98000e+0 4.04825e-13
6.29003e+0 3.73186e-13
6.61600e+0 3.33721e-13
6.95897e+0 3.04937e-13
7.31980e+0 2.83318e-13
7.69938e+0 2.65045e-13
8.09853e+0 2.43136e-13
8.57453e+0 2.22495e-13
8.91925e+0 2.17504e-13
9.31724e+0 2.03235e-13
9.91370e+0 1.88364e-13
1.04276e+1 1.72839e-13
1.09686e+1 1.65845e-13
1.15377e+1 1.60439e-13
1.21360e+1 1.51570e-13
1.27659e+1 1.50238e-13
1.34282e+1 1.45170e-13
1.41249e+1 1.41101e-13
1.48583e+1 1.44319e-13
1.56303e+1 1.53665e-13
1.64421e+1 1.61544e-13
1.72966e+1 1.75239e-13
1.81957e+1 1.93670e-13
1.91411e+1 2.07429e-13
2.01358e+1 2.25899e-13
2.11829e+1 2.57616e-13
2.22848e+1 2.98138e-13
2.34433e+1 3.32741e-13
2.46606e+1 3.41667e-13
2.59409e+1 3.46050e-13
2.72875e+1 3.49117e-13
2.87040e+1 3.49802e-13
3.01943e+1 3.56729e-13
3.17619e+1 3.62014e-13
3.34107e+1 3.64507e-13
3.51449e+1 3.64507e-13
3.69691e+1 3.64507e-13
3.88879e+1 3.62369e-13
4.09060e+1 3.56729e-13
4.30292e+1 3.56729e-13
4.52632e+1 3.62725e-13
4.76128e+1 3.64507e-13
5.00845e+1 3.67738e-13
5.26852e+1 3.76863e-13
5.54202e+1 3.80576e-13
5.82971e+1 3.83197e-13
6.13235e+1 3.86214e-13
6.45058e+1 3.80576e-13
6.78535e+1 3.76125e-13
7.13750e+1 3.72455e-13
7.50798e+1 3.72455e-13
7.89769e+1 3.72455e-13
8.30763e+1 3.72455e-13
8.73885e+1 3.72455e-13
9.19248e+1 3.74285e-13
9.66975e+1 3.80949e-13
1.01718e+2 3.89256e-13
1.07000e+2 3.97353e-13
1.12553e+2 3.97353e-13
1.18397e+2 4.04825e-13
1.24543e+2 4.06017e-13
1.31009e+2 4.12033e-13
1.37811e+2 4.19369e-13
1.44969e+2 4.39577e-13
1.52499e+2 4.61210e-13
1.60419e+2 4.82014e-13
1.68751e+2 5.00312e-13
1.77515e+2 5.22367e-13
1.86736e+2 5.51309e-13
1.96436e+2 5.80714e-13
2.06641e+2 6.14694e-13
2.17381e+2 6.73084e-13
2.28683e+2 7.57452e-13
2.40568e+2 8.24897e-13
2.53066e+2 8.80904e-13
2.66229e+2 1.01548e-12
2.80079e+2 1.19028e-12
2.93874e+2 1.37983e-12
2.94570e+2 1.56583e-12
2.83026e+2 1.81801e-12
2.71495e+2 2.28012e-12
2.62855e+2 2.71631e-12
2.49826e+2 3.21043e-12
2.37359e+2 3.54263e-12
2.28312e+2 4.17111e-12
2.16684e+2 4.82722e-12
2.06005e+2 5.26736e-12
1.95846e+2 5.52659e-12
1.86194e+2 6.04827e-12
1.79448e+2 6.45984e-12
1.73965e+2 6.73430e-12
1.66422e+2 7.16800e-12
1.59995e+2 7.60798e-12
1.52107e+2 8.17246e-12
1.44607e+2 8.65066e-12
1.37478e+2 9.24707e-12
1.30702e+2 1.00507e-11
1.24259e+2 1.08283e-11
1.18132e+2 1.13675e-11
1.12307e+2 1.20732e-11
1.05519e+2 1.23526e-11
1.00748e+2 1.32080e-11
9.56623e+1 1.36444e-11
9.10228e+1 1.40431e-11
8.64167e+1 1.51707e-11
8.21550e+1 1.58405e-11
7.81023e+1 1.62018e-11
7.42501e+1 1.67510e-11
7.05894e+1 1.78533e-11
6.71075e+1 1.83502e-11
6.37982e+1 1.92156e-11
6.06529e+1 2.05403e-11
5.76618e+1 2.14879e-11
5.48178e+1 2.21945e-11
5.21154e+1 2.38179e-11
4.93846e+1 2.44609e-11
4.64129e+1 2.65836e-11
4.38128e+1 2.77130e-11
4.17270e+1 2.88904e-11
3.97410e+1 3.07510e-11
3.84754e+1 3.07637e-11
3.65790e+1 3.35030e-11
3.47748e+1 3.46047e-11
3.30600e+1 3.63433e-11
3.14290e+1 3.68818e-11
2.98787e+1 3.79083e-11
2.84060e+1 4.10416e-11
2.70052e+1 4.31037e-11
2.56741e+1 4.67122e-11
2.44086e+1 5.04741e-11
2.32049e+1 5.30101e-11
2.20612e+1 5.77869e-11
2.09745e+1 6.56423e-11
1.99410e+1 7.29029e-11
1.89585e+1 8.12847e-11
1.80237e+1 8.60410e-11
1.71345e+1 8.73157e-11
1.62890e+1 8.73157e-11
1.54856e+1 9.03640e-11
1.47223e+1 9.76414e-11
1.39964e+1 1.03355e-10
1.33063e+1 1.10264e-10
1.26501e+1 1.15125e-10
1.20261e+1 1.18329e-10


