# r [cm]    rho [g/cm^3]
4.79995e+13 2.69694e-11
5.61035e+13 1.46881e-11
6.37674e+13 8.76344e-12
9.19349e+13 2.62874e-12
5.81444e+14 2.55533e-14
1.47474e+15 5.08021e-19
3.91352e+15 6.03804e-20
2.11020e+14 2.78962e-13
4.53284e+14 5.65556e-14
6.58465e+14 9.12843e-15
6.82302e+14 5.16263e-15
9.23105e+14 3.12644e-18
9.56522e+14 1.57768e-18
1.00893e+15 1.00000e-18
1.18402e+15 7.96141e-19
2.45449e+15 1.61406e-19
5.13363e+14 4.01754e-14
6.24262e+14 1.80895e-14
6.46861e+14 1.28502e-14
4.57332e+13 4.71267e-11
1.10273e+15 8.92267e-19
1.29410e+15 6.33841e-19
7.52398e+15 1.65128e-20
1.00000e+16 8.33282e-21
