# r [cm]    rho [g/cm^3]
3.44977e+13 3.34152e-11
3.93838e+13 2.52860e-11
4.32963e+13 2.09354e-11
4.75975e+13 1.73234e-11
5.23259e+13 1.43675e-11
5.75242e+13 1.17562e-11
6.32388e+13 9.87201e-12
6.95211e+13 8.33826e-12
7.64276e+13 6.73007e-12
8.40201e+13 5.56734e-12
9.23669e+13 4.60417e-12
1.01543e+14 3.80873e-12
1.11630e+14 3.10589e-12
1.22720e+14 2.51384e-12
1.34912e+14 2.00335e-12
1.48314e+14 1.37318e-12
1.63048e+14 9.23999e-13
1.79246e+14 5.35309e-13
1.94659e+14 3.19141e-13
2.07267e+14 1.70380e-13
2.23322e+14 9.62920e-14
2.41446e+14 5.00266e-14
2.61807e+14 2.89122e-14
2.79155e+14 1.78009e-14
2.99478e+14 9.77276e-15
3.28224e+14 5.99231e-15
3.59730e+14 3.79235e-15
3.95467e+14 2.47777e-15
4.33428e+14 1.92868e-15
4.83820e+14 1.50670e-15
5.31885e+14 1.24390e-15
5.84724e+14 1.02870e-15
6.42812e+14 8.51463e-16
7.06671e+14 7.04762e-16
7.61598e+14 6.07405e-16
5.07053e+15 1.32663e-17
5.57425e+15 1.10189e-17
6.12801e+15 9.45181e-18
6.73679e+15 7.77641e-18
7.40604e+15 6.47358e-18
8.14178e+15 5.35824e-18
8.95061e+15 4.43505e-18
9.73513e+15 3.75483e-18
