# r [cm]    rho [g/cm^3]
4.07124e+13 6.38063e-12
4.56176e+13 4.91701e-12
5.11139e+13 3.91548e-12
5.72724e+13 3.11893e-12
6.41729e+13 2.52827e-12
7.19048e+13 1.97838e-12
8.05683e+13 1.57752e-12
6.76923e+14 1.97519e-14
7.58482e+14 1.49852e-14
8.49868e+14 1.09436e-14
9.58596e+14 7.51611e-15
1.06333e+15 5.25932e-15
1.19118e+15 3.31221e-15
1.29045e+15 1.95861e-15
1.43634e+15 1.22492e-15
1.56263e+15 7.16452e-16
1.73324e+15 3.60975e-16
1.83065e+15 2.02384e-16
1.93766e+15 1.08240e-16
2.04785e+15 6.50688e-17
2.18020e+15 3.06847e-17
2.30850e+15 1.60287e-17
2.43225e+15 9.59618e-18
2.59806e+15 4.78239e-18
2.83921e+15 2.24142e-18
3.10491e+15 8.96058e-19
3.38641e+15 5.15247e-19
3.64813e+15 2.85630e-19
3.95488e+15 1.54987e-19
4.34284e+15 8.30428e-20
4.83937e+15 5.00275e-20
5.42245e+15 3.65463e-20
6.07577e+15 2.76660e-20
6.80782e+15 2.20446e-20
7.62806e+15 1.75270e-20
8.19393e+15 1.60069e-20
