# r [cm]    rho [g/cm^3]
3.66131e+13 1.09925e-11
4.00894e+13 7.96917e-12
4.26162e+13 6.77795e-12
4.59006e+13 5.94449e-12
4.94382e+13 5.17669e-12
5.32485e+13 4.23525e-12
5.73523e+13 3.74457e-12
6.17725e+13 3.14116e-12
6.65334e+13 2.83115e-12
7.16612e+13 2.37931e-12
7.71841e+13 2.04806e-12
8.31328e+13 1.77652e-12
8.95399e+13 1.47384e-12
1.11879e+14 8.91535e-13
1.20502e+14 8.13156e-13
1.29789e+14 7.06317e-13
1.39792e+14 6.05973e-13
1.50566e+14 5.19540e-13
1.59188e+14 4.68029e-13
3.33089e+14 1.08876e-13
3.58760e+14 9.69413e-14
3.82256e+14 7.95308e-14
4.07943e+14 5.99270e-14
4.41059e+14 4.68317e-14
4.68108e+14 3.35827e-14
4.83390e+14 2.22098e-14
4.94555e+14 1.62206e-14
5.05979e+14 1.12425e-14
5.25607e+14 4.38112e-15
5.37748e+14 2.33747e-15
5.69423e+14 1.17452e-15
5.81888e+14 6.89692e-16
5.89852e+14 3.32558e-16
6.12036e+14 1.18209e-16
6.40636e+14 3.93690e-17
6.65488e+14 1.38172e-17
7.09628e+14 5.55211e-18
7.34600e+14 3.43007e-18
7.66762e+14 2.09250e-18
8.18840e+14 1.43933e-18
8.67177e+14 1.32373e-18
9.69875e+14 8.41022e-19
1.03557e+15 7.51952e-19
1.11484e+15 7.19983e-19
1.29394e+15 5.13703e-19
1.39366e+15 4.06715e-19
1.50107e+15 3.52466e-19
1.57887e+15 3.29580e-19
2.28151e+15 1.59055e-19
2.45735e+15 1.31791e-19
2.64674e+15 1.13720e-19
2.85073e+15 9.64453e-20
3.51815e+15 6.07642e-20
3.81281e+15 5.56119e-20
4.10667e+15 4.52338e-20
4.42317e+15 3.94353e-20
4.76407e+15 3.31436e-20
5.13124e+15 2.93981e-20
5.52671e+15 2.40612e-20
5.95266e+15 2.17952e-20
6.41143e+15 1.88782e-20
6.90557e+15 1.71689e-20
7.41481e+15 1.36945e-20

