# log10(average stopping time/s)
#                                  log10(r/cm) ->
# log10(mAp/MeV) 
   nan    1.370e+01 1.384e+01 1.399e+01 1.413e+01 1.428e+01 1.442e+01 1.457e+01 1.471e+01 1.486e+01 1.500e+01
2.999e-02 7.961e-01 1.075e+00 1.375e+00 1.701e+00 2.413e+00 3.560e+00 4.460e+00 4.867e+00 5.157e+00 5.448e+00
5.640e-01 9.091e-01 1.188e+00 1.488e+00 1.814e+00 2.526e+00 3.673e+00 4.574e+00 4.981e+00 5.270e+00 5.561e+00
1.098e+00 1.358e+00 1.637e+00 1.937e+00 2.264e+00 2.976e+00 4.122e+00 5.023e+00 5.431e+00 5.721e+00 6.012e+00
1.632e+00 1.407e+00 1.685e+00 1.986e+00 2.313e+00 3.024e+00 4.172e+00 5.073e+00 5.481e+00 5.772e+00 6.064e+00
2.166e+00 1.682e+00 1.961e+00 2.261e+00 2.588e+00 3.301e+00 4.449e+00 5.352e+00 5.762e+00 6.054e+00 6.349e+00
2.700e+00 1.875e+00 2.153e+00 2.453e+00 2.780e+00 3.491e+00 4.639e+00 5.539e+00 5.946e+00 6.235e+00 6.526e+00
