# opacity [cm^2 g^-1]    density [g/cm^3]
1.18935e+3 3.30247e-11
1.01247e+3 2.91213e-11
8.70158e+2 2.65841e-11
7.47846e+2 2.41604e-11
6.42726e+2 2.20554e-11
5.52383e+2 2.01563e-11
4.74739e+2 1.83186e-11
4.08008e+2 1.67226e-11
3.50657e+2 1.52318e-11
3.18434e+2 1.43337e-11
4.26443e+1 4.20895e-12
3.67765e+1 3.83052e-12
3.06428e+1 3.40758e-12
2.63356e+1 3.08658e-12
2.26338e+1 2.78652e-12
1.94523e+1 2.50911e-12
1.75435e+1 2.41089e-12
7.21727e+0 1.37369e-12
5.95176e+0 1.23419e-12
5.11516e+0 1.11999e-12
4.39616e+0 9.53270e-13
4.18798e+0 7.99749e-13
4.09733e+0 6.58515e-13
4.00865e+0 5.42222e-13
3.93758e+0 4.09968e-13
3.57574e+0 8.49442e-14
3.57082e+0 5.89512e-14
3.57574e+0 4.43205e-14
3.53656e+0 3.84257e-14
3.39967e+0 2.02774e-14
3.32115e+0 1.47324e-14
3.29217e+0 1.00323e-14
2.98083e+0 8.20279e-15
2.57758e+0 7.13361e-15
2.20288e+0 6.81346e-15
1.89584e+0 5.87354e-15
1.62148e+0 5.34792e-15
1.38391e+0 5.03558e-15
1.19063e+0 4.52968e-15
1.03542e+0 4.00364e-15
8.89881e-1 3.70132e-15
7.69198e-1 3.35427e-15
6.63591e-1 3.05789e-15
3.08199e-1 1.91164e-15
2.64877e-1 1.72197e-15
2.27646e-1 1.55976e-15
1.95647e-1 1.41440e-15
1.68146e-1 1.28831e-15
1.44511e-1 1.17737e-15
1.24198e-1 1.07122e-15
1.06741e-1 9.78978e-16
9.17369e-2 8.91702e-16
7.88421e-2 8.11304e-16
6.77598e-2 7.39797e-16
5.82353e-2 6.76095e-16
5.00496e-2 6.15820e-16
4.54503e-2 5.83822e-16
1.12208e-4 1.48973e-17
9.64360e-5 1.35466e-17
8.74645e-5 1.12355e-17
7.52644e-5 1.11675e-17
6.46850e-5 1.05782e-17
5.55927e-5 9.90299e-18
4.77784e-5 9.32878e-18
4.11625e-5 8.39358e-18
3.52907e-5 7.37068e-18
3.03301e-5 6.71358e-18
2.60668e-5 6.12867e-18
2.24028e-5 5.58850e-18
1.92538e-5 5.08463e-18
1.65474e-5 4.63648e-18
1.42215e-5 4.23724e-18
1.22225e-5 3.85949e-18
1.10231e-5 3.62857e-18
